%YAML:1.0
---
calibration_time: "Tue 09 Apr 2019 04:02:02 PM EDT"
image_width: 640
image_height: 480
flags: 0
camera_matrix: !!opencv-matrix
   rows: 3
   cols: 3
   dt: d
   data: [ 5.2036144200036904e+02, 0., 3.0255876920712751e+02, 0.,
       5.1834337983691967e+02, 2.4278187493920279e+02, 0., 0., 1. ]
distortion_coefficients: !!opencv-matrix
   rows: 1
   cols: 5
   dt: d
   data: [ 1.0303738535136008e-01, -2.7013831868935040e-01,
       -2.5505644429536711e-03, -6.9928818760003142e-03,
       1.6547444868453295e-01 ]
avg_reprojection_error: 1.2025225757564226e+00
