%YAML:1.0
---
calibration_time: "Sat 27 Jan 2024 05:33:59 PM EST"
image_width: 1920
image_height: 1080
flags: 0
camera_matrix: !!opencv-matrix
   rows: 3
   cols: 3
   dt: d
   data: [ 1.6794270741269229e+03, 0., 9.5502638499315810e+02, 0.,
       1.6771700842601067e+03, 5.5015085362115587e+02, 0., 0., 1. ]
distortion_coefficients: !!opencv-matrix
   rows: 1
   cols: 5
   dt: d
   data: [ 1.9683061388899192e-01, -7.3624850611674697e-01,
       1.4290920850579334e-04, 7.8329305994069088e-04,
       5.4742631511243833e-01 ]
avg_reprojection_error: 1.6387665335980162e+00
